 1
 1715
 3426
 5126
 6813
 8481
 10126
 11743
 13328
 14876
 16384
 17847
 19260
 20621
 21926
 23170
 24351
 25465
 26510
 27481
 28378
 29196
 29935
 30591
 31164
 31651
 32051
 32364
 32588
 32723
 32767
 32723
 32588
 32364
 32051
 31651
 31164
 30591
 29935
 29196
 28378
 27481
 26510
 25465
 24351
 23170
 21926
 20621
 19260
 17847
 16384
 14876
 13328
 11743
 10126
 8481
 6813
 5126
 3426
 1715
 1
 -1714
 -3425
 -5125
 -6812
 -8480
 -10125
 -11742
 -13327
 -14875
 -16383
 -17846
 -19259
 -20620
 -21925
 -23169
 -24350
 -25464
 -26509
 -27480
 -28377
 -29195
 -29934
 -30590
 -31163
 -31650
 -32050
 -32363
 -32587
 -32722
 -32767
 -32722
 -32587
 -32363
 -32050
 -31650
 -31163
 -30590
 -29934
 -29195
 -28377
 -27480
 -26509
 -25464
 -24350
 -23169
 -21925
 -20620
 -19259
 -17846
 -16383
 -14875
 -13327
 -11742
 -10125
 -8480
 -6812
 -5125
 -3425
 -1714
